F = 8 l = 0.005 epochs_in_interval = 5
gradientLearningRate = 0.005

1,1.17363770155,1.22558454645,0.005,5
2,1.14837392905,1.20303618349,0.005,5
3,1.10722836731,1.16857349708,0.005,5
4,1.07209905721,1.15108501074,0.005,5
5,1.0707445493,1.15687925147,0.0005,15
6,1.07190799588,1.15154798787,0.0005,15
7,1.06978032158,1.15851907355,0.0005,15
8,1.06122472613,1.15851240018,0.0005,15
9,1.05951352303,1.15396959787,0.0005,15
10,1.05873339132,1.15070781738,0.0005,15
11,1.05737402311,1.14641654365,0.0005,15
12,1.05481846307,1.15168935152,0.0005,15
13,1.05153221081,1.15236687383,0.0005,15
14,1.04801106401,1.14404839333,0.0005,15
15,1.05136771641,1.14492747199,5e-05,45
16,1.04749643511,1.1489451018,5e-05,45
17,1.04638549167,1.14425094885,5e-05,45
18,1.04976497478,1.1512903967,5e-05,45
19,1.04939771691,1.14298400174,5e-05,45
20,1.0455237507,1.14460491349,5e-05,45
21,1.0485745333,1.14659934424,5e-05,45
22,1.04803042074,1.14544314601,5e-05,45
23,1.04455855014,1.14011485005,5e-05,45
24,1.04703347382,1.14292551692,5e-05,45
25,1.04944886239,1.14479835746,5e-05,45
26,1.04841779311,1.15109861307,5e-05,45
27,1.04916824431,1.14515378248,5e-05,45
28,1.04376298347,1.14727595176,5e-05,45
29,1.04434850767,1.15496707973,5e-05,45
30,1.04486725818,1.14946893656,5e-05,45
31,1.04189818366,1.15043944808,5e-05,45
32,1.04414285988,1.14966812946,5e-05,45
33,1.04513009902,1.14102179699,5e-05,45
34,1.04199056973,1.14670217935,5e-05,45
35,1.04391253597,1.15332619789,5e-05,45
36,1.03910645726,1.15485208991,5e-05,45
37,1.03971361621,1.14685163264,5e-05,45
38,1.04465902821,1.14393790562,5e-05,45
39,1.04242665381,1.14669900788,5e-05,45
40,1.03887799385,1.15430787237,5e-05,45
41,1.0374624702,1.15311183304,5e-05,45
42,1.04057266142,1.15008157465,5e-05,45
43,1.03597186852,1.15135750896,5e-05,45
44,1.03854195113,1.1446903271,5e-05,45
45,1.03574145037,1.15353794727,5e-06,45
46,1.03859729943,1.1525507169,5e-06,45
47,1.03516304531,1.14552573534,5e-06,45
48,1.03694816719,1.15268507507,5e-06,45
49,1.03888861291,1.14931337292,5e-06,45
50,1.03734784183,1.15100829159,5e-06,45
51,1.03910613744,1.14802895579,5e-06,45
52,1.03750534316,1.14743456692,5e-06,45
53,1.03565556641,1.14804538284,5e-06,45
54,1.03610583358,1.15458145992,5e-06,45
55,1.04136075155,1.15295206918,5e-06,45
56,1.03833358648,1.15115843121,5e-06,45
57,1.03853092173,1.1474723832,5e-06,45
58,1.03732851295,1.14794680922,5e-06,45
59,1.03762656837,1.15600816503,5e-06,45
60,1.03766442831,1.14455369948,5e-06,45
61,1.03880808883,1.16124427991,5e-06,45
62,1.03907799223,1.15108856331,5e-06,45
63,1.03623879951,1.15323495524,5e-06,45
64,1.03868231596,1.15184995257,5e-06,45
65,1.03650087335,1.14846088574,5e-06,45
66,1.0374410539,1.15797925507,5e-06,45
67,1.03929027619,1.15050410087,5e-06,45
68,1.04008608139,1.15149931359,5e-06,45
69,1.03528420718,1.15270217675,5e-06,45
70,1.03639590471,1.15413615072,5e-06,45
71,1.03783458745,1.15537259078,5e-06,45
72,1.04115014766,1.15000923152,5e-06,45
73,1.03821123783,1.15010795424,5e-06,45
74,1.03667965818,1.14665913115,5e-06,45
75,1.03547964089,1.15153578979,5e-06,45
76,1.03412212257,1.15031966262,5e-06,45
77,1.03628302828,1.14546867656,5e-06,45
78,1.03327542056,1.14215596617,5e-06,45
79,1.03396334311,1.15769031565,5e-06,45
80,1.03424269224,1.15179116784,5e-06,45
81,1.03969001831,1.15042686833,5e-06,45
82,1.03716229275,1.14816436914,5e-06,45
83,1.03620301297,1.14635125023,5e-06,45
84,1.03573762943,1.14426988873,5e-06,45
85,1.03595824408,1.15384122378,5e-06,45
86,1.03666852579,1.14811516369,5e-06,45
87,1.03765796803,1.15375152173,5e-06,45
88,1.03296217552,1.1536275671,5e-06,45
89,1.03791260835,1.15044375814,5e-06,45
90,1.03502347527,1.15420934058,5e-07,45
91,1.03406971553,1.14908021162,5e-07,45
92,1.03379549492,1.15333727574,5e-07,45
93,1.03425602278,1.14915951254,5e-07,45
94,1.03365509913,1.15196779582,5e-07,45
95,1.03503700497,1.15251615314,5e-07,45
96,1.03309249819,1.15188148649,5e-07,45
97,1.0350522932,1.14406956335,5e-07,45
98,1.0357382837,1.15018083356,5e-07,45
99,1.03894472762,1.15400401432,5e-07,45
100,1.03201809733,1.14911384774,5e-07,45
101,1.03630302007,1.14289164698,5e-07,45
102,1.03631517344,1.14610936253,5e-07,45
103,1.03425359325,1.15109662342,5e-07,45
104,1.03466012008,1.1482086748,5e-07,45
105,1.03699938684,1.14894575405,5e-07,45
106,1.03472683239,1.14730763215,5e-07,45
107,1.03682360053,1.1349669959,5e-07,45
108,1.03564167784,1.14632173639,5e-07,45
109,1.03509915932,1.15119255947,5e-07,45
110,1.03838862094,1.14762425115,5e-07,45
111,1.03580651611,1.14832699665,5e-07,45
112,1.03647205192,1.14208398585,5e-07,45
113,1.03391415155,1.14876061756,5e-07,45
114,1.03737213069,1.15072694129,5e-07,45
115,1.03117106176,1.15671326452,5e-07,45
116,1.03688494317,1.14974192468,5e-07,45
117,1.03688861774,1.14882818745,5e-07,45
118,1.03675422171,1.15046610203,5e-07,45
119,1.03141941386,1.14438899189,5e-07,45
120,1.03338052047,1.14956466026,5e-07,45
121,1.03539675379,1.15488077738,5e-07,45
122,1.03630597827,1.14697495813,5e-07,45
123,1.03336967054,1.15307511752,5e-07,45
124,1.03781994868,1.1500551732,5e-07,45
125,1.03374384787,1.14923243484,5e-07,45
126,1.03853657018,1.14344588221,5e-07,45
127,1.03601664462,1.14981489451,5e-07,45
128,1.03121446953,1.14909087819,5e-07,45
129,1.03084301524,1.14547965723,5e-07,45
130,1.03668300644,1.14886216534,5e-07,45
131,1.03211918229,1.15013380754,5e-07,45
132,1.03567108882,1.14774401852,5e-07,45
133,1.03387675942,1.15339313701,5e-07,45
134,1.03545487059,1.15211386708,5e-07,45
135,1.03050963138,1.14890755323,5e-08,45
136,1.0341840534,1.14685382676,5e-08,45
137,1.0345215929,1.14792276269,5e-08,45
138,1.03581484915,1.1532599579,5e-08,45
139,1.03584464002,1.14798836779,5e-08,45
140,1.03644533326,1.1535237856,5e-08,45
141,1.03316116053,1.15059789714,5e-08,45
142,1.0348863471,1.14943890933,5e-08,45
143,1.03378541113,1.14830751015,5e-08,45
144,1.03511323812,1.15471203751,5e-08,45
145,1.0322592714,1.14919486817,5e-08,45
146,1.0359822792,1.15528662839,5e-08,45
147,1.03363382436,1.1513289586,5e-08,45
148,1.03450366211,1.15533937171,5e-08,45
149,1.03507959576,1.14548203768,5e-08,45
150,1.0344105998,1.14897954307,5e-08,45
151,1.03418351815,1.14634393432,5e-08,45
152,1.03542232735,1.14826876403,5e-08,45
153,1.03765431995,1.14920247271,5e-08,45
154,1.03459948139,1.1574729648,5e-08,45
155,1.03602317709,1.14509773069,5e-08,45
156,1.0345281282,1.14795281651,5e-08,45
157,1.03525866727,1.15133747434,5e-08,45
158,1.03484454726,1.15321800935,5e-08,45
159,1.03473128906,1.14892962165,5e-08,45
160,1.03075588711,1.1475241545,5e-08,45
161,1.03192421566,1.14200951164,5e-08,45
162,1.0401727678,1.14861975331,5e-08,45
163,1.03215925911,1.14965749124,5e-08,45
164,1.03518766637,1.15574665126,5e-08,45
165,1.03600839093,1.14560050764,5e-08,45
166,1.0336980867,1.15155295834,5e-08,45
167,1.03917319153,1.15204109259,5e-08,45
168,1.03280932605,1.14066206843,5e-08,45
169,1.03462463133,1.14383170031,5e-08,45
170,1.03240039475,1.15306206545,5e-08,45
171,1.03388344286,1.14329023653,5e-08,45
172,1.03287978855,1.15644297661,5e-08,45
173,1.03317283275,1.15246744472,5e-08,45
174,1.03432038727,1.15218225993,5e-08,45
175,1.03198750265,1.15384256565,5e-08,45
176,1.03543954934,1.14167677587,5e-08,45
177,1.03522861046,1.15091040331,5e-08,45
178,1.03240610941,1.15613597852,5e-08,45
179,1.03095205247,1.15273145464,5e-08,45
180,1.03203839032,1.14804626219,5e-09,45
181,1.03490959614,1.14837182813,5e-09,45
182,1.03438838051,1.14976815417,5e-09,45
183,1.03247004127,1.14884251975,5e-09,45
184,1.03451082373,1.15099670393,5e-09,45
185,1.03858800123,1.15523037299,5e-09,45
186,1.03330918872,1.14900286499,5e-09,45
187,1.03587579762,1.15998763194,5e-09,45
188,1.03359185175,1.14194748574,5e-09,45
189,1.02908146904,1.1539332788,5e-09,45
190,1.0345566946,1.14559815763,5e-09,45
191,1.03192415222,1.14600694091,5e-09,45
192,1.03164142335,1.14968903183,5e-09,45
193,1.03308684839,1.14828730504,5e-09,45
194,1.03410394571,1.14946672109,5e-09,45
195,1.0335036119,1.14616027558,5e-09,45
196,1.03564575888,1.15110944408,5e-09,45
197,1.03512842128,1.1448192484,5e-09,45
198,1.0382666437,1.14753102546,5e-09,45
199,1.03524916341,1.14863174905,5e-09,45
200,1.03743488004,1.14815967857,5e-09,45
201,1.03430937082,1.15139890276,5e-09,45
202,1.03336061674,1.15065626211,5e-09,45
203,1.03183425894,1.14542298955,5e-09,45
204,1.03568519229,1.14952032836,5e-09,45
205,1.03514301092,1.15429816123,5e-09,45
206,1.034815953,1.14733236088,5e-09,45
207,1.03495182873,1.14844440284,5e-09,45
208,1.03591871075,1.14246351255,5e-09,45
209,1.03078243383,1.14454782496,5e-09,45
210,1.03404360625,1.15392901745,5e-09,45
211,1.035790603,1.15007911499,5e-09,45
212,1.03331424656,1.15126808779,5e-09,45
213,1.03582305053,1.14170789472,5e-09,45
214,1.03530244788,1.14915356053,5e-09,45
215,1.03362545193,1.14928180466,5e-09,45
216,1.03358880403,1.14926651981,5e-09,45
217,1.03646728895,1.15077265254,5e-09,45
218,1.0305549751,1.14792269608,5e-09,45
219,1.03338234612,1.15514650219,5e-09,45
220,1.03164342737,1.14882237121,5e-09,45
221,1.03474425499,1.15380090507,5e-09,45
222,1.03487128967,1.15221878856,5e-09,45
223,1.03476294882,1.15210430369,5e-09,45
224,1.03666097255,1.15184479085,5e-09,45
225,1.03626046406,1.14817385768,5e-10,45
226,1.03767360146,1.14426178262,5e-10,45
227,1.03363255556,1.14645579739,5e-10,45
228,1.03916722383,1.15400124706,5e-10,45
229,1.03658135791,1.15534999197,5e-10,45
230,1.03663704531,1.1539953807,5e-10,45
231,1.03267252369,1.147325899,5e-10,45
232,1.03253691566,1.14576582779,5e-10,45
233,1.03230240003,1.15354514381,5e-10,45
234,1.0346733552,1.14582139104,5e-10,45
235,1.03188341302,1.15038043442,5e-10,45
236,1.03422941965,1.14669958032,5e-10,45
237,1.02861985126,1.14886332513,5e-10,45
238,1.03583794609,1.15153766927,5e-10,45
239,1.03446053756,1.14703492473,5e-10,45
240,1.03406344535,1.14506341867,5e-10,45
241,1.03534537343,1.15339621052,5e-10,45
242,1.03760419403,1.15321431869,5e-10,45
243,1.03568376685,1.15283819256,5e-10,45
244,1.033741223,1.15295970619,5e-10,45
245,1.03373741155,1.15195880824,5e-10,45
246,1.03128567849,1.14461938846,5e-10,45
247,1.0321291847,1.151101107,5e-10,45
248,1.03186112889,1.15191000871,5e-10,45
249,1.03331343325,1.1445552543,5e-10,45
250,1.03280033499,1.14903045184,5e-10,45
251,1.03093112496,1.1510769708,5e-10,45
252,1.03221612247,1.15193431018,5e-10,45
253,1.038396565,1.15002414124,5e-10,45
254,1.03471002935,1.14720093772,5e-10,45
255,1.0356185385,1.14829108296,5e-10,45
256,1.03418167688,1.15070427524,5e-10,45
257,1.03198564581,1.14922216108,5e-10,45
258,1.03866232086,1.14862915327,5e-10,45
259,1.03352048379,1.14850703603,5e-10,45
260,1.03459931049,1.14358897616,5e-10,45
261,1.03527643161,1.15229794554,5e-10,45
262,1.03438609865,1.14691903859,5e-10,45
263,1.03423628369,1.15441072999,5e-10,45
264,1.03412394567,1.1516028597,5e-10,45
265,1.03311373871,1.15156665817,5e-10,45
266,1.03839451054,1.15621498395,5e-10,45
267,1.03442697641,1.14980773071,5e-10,45
268,1.0348258123,1.15697694465,5e-10,45
269,1.03325961002,1.14811436748,5e-10,45
270,1.03301666228,1.14604590167,1e-10,45
271,1.03795986124,1.15127346207,1e-10,45
272,1.03145074969,1.14367130157,1e-10,45
273,1.0318764364,1.15322040274,1e-10,45
274,1.03239618269,1.15149745129,1e-10,45
275,1.03220501811,1.15412184943,1e-10,45
276,1.03600972369,1.14880850676,1e-10,45
277,1.03717187344,1.15479906322,1e-10,45
278,1.034263798,1.15283358011,1e-10,45
279,1.03499220085,1.14673036034,1e-10,45
280,1.02823319604,1.14808956995,1e-10,45
281,1.03413348119,1.14938256723,1e-10,45
282,1.03394072728,1.14421540966,1e-10,45
283,1.03666955305,1.14577710392,1e-10,45
284,1.03352022557,1.14989298933,1e-10,45
285,1.0325264088,1.1452019531,1e-10,45
286,1.03687579422,1.14774421325,1e-10,45
287,1.0337464629,1.14835781266,1e-10,45
288,1.033736866,1.1464962917,1e-10,45
289,1.03526069493,1.15446291457,1e-10,45
290,1.03197944436,1.15431289356,1e-10,45
291,1.03534341156,1.15902162733,1e-10,45
292,1.03274062574,1.1534608121,1e-10,45
293,1.03459049849,1.15265251984,1e-10,45
294,1.03773259952,1.15680694573,1e-10,45
295,1.03395797438,1.14712437725,1e-10,45
296,1.03505691652,1.14732907696,1e-10,45
297,1.03398565114,1.14593841909,1e-10,45
298,1.03330829086,1.15037906344,1e-10,45
299,1.03439760385,1.14890520409,1e-10,45
300,1.03524589515,1.15436556891,1e-10,45
301,1.03666738371,1.15150178866,1e-10,45
302,1.03331418415,1.14909383673,1e-10,45
303,1.03361630239,1.15320138933,1e-10,45
304,1.03194431537,1.14599024222,1e-10,45
305,1.03314359867,1.14888330627,1e-10,45
306,1.03309344674,1.1425825073,1e-10,45
307,1.03595385728,1.15028282207,1e-10,45
308,1.03305737183,1.15269067888,1e-10,45
309,1.03521636656,1.15184812935,1e-10,45
310,1.03272846938,1.14031510491,1e-10,45
311,1.03503662341,1.14990671347,1e-10,45
312,1.03638486765,1.15090710553,1e-10,45
313,1.03590993562,1.14798996307,1e-10,45
314,1.03461679956,1.15275889707,1e-10,45
315,1.03053797653,1.14877642995,0.0,45
316,1.03307710103,1.15245531444,0.0,45
317,1.03566549281,1.1572676931,0.0,45
318,1.03434434272,1.15491490678,0.0,45
319,1.03619895183,1.15081910193,0.0,45
320,1.0354615458,1.14883572083,0.0,45
321,1.03751889761,1.15134040442,0.0,45
322,1.03563771093,1.15200204557,0.0,45
323,1.03592658064,1.14677755576,0.0,45
324,1.03635457119,1.15323879868,0.0,45
325,1.03642968273,1.15319273132,0.0,45
326,1.03586301519,1.1492341325,0.0,45
327,1.0328840801,1.14565523621,0.0,45
328,1.03689848268,1.14756530261,0.0,45
329,1.03221756319,1.1497260964,0.0,45
330,1.03153913171,1.14490177286,0.0,45
331,1.03740037367,1.14808623803,0.0,45
332,1.03313034521,1.14521688082,0.0,45
333,1.03505248787,1.15052372564,0.0,45
334,1.03239493431,1.15234403644,0.0,45
335,1.03289520307,1.15158016031,0.0,45
336,1.03509918008,1.1439933281,0.0,45
337,1.03525944655,1.15607557409,0.0,45
338,1.03544090494,1.15333359245,0.0,45
339,1.0348174044,1.15665911666,0.0,45
340,1.03350503147,1.14874780871,0.0,45
341,1.03730490245,1.14929324523,0.0,45
342,1.03589685672,1.15552032028,0.0,45
343,1.03776215907,1.13801647257,0.0,45
344,1.0331612827,1.15419445826,0.0,45
345,1.0328705336,1.14822492452,0.0,45
346,1.03697437831,1.14733426275,0.0,45
347,1.03735550546,1.15171637437,0.0,45
348,1.03408965902,1.14827206379,0.0,45
349,1.03383162889,1.15022812703,0.0,45
350,1.03270080198,1.14415299007,0.0,45
351,1.03501673027,1.14489884101,0.0,45
352,1.03383839327,1.13913227327,0.0,45
353,1.03226532108,1.14729530138,0.0,45
354,1.03322640911,1.15293910781,0.0,45
355,1.03183182256,1.14744055985,0.0,45
356,1.03390471103,1.13997895383,0.0,45
357,1.03483559511,1.13943484917,0.0,45
358,1.03266282961,1.15287895999,0.0,45
359,1.03688860107,1.14959191488,0.0,45
360,1.03799265623,1.1506821219,0.0,45
361,1.03513856215,1.14911676387,0.0,45
362,1.03483431889,1.15239078244,0.0,45
363,1.03447941177,1.14953224769,0.0,45
364,1.03518889737,1.15538021896,0.0,45
365,1.03425408037,1.14456889456,0.0,45
366,1.03242887116,1.14458802121,0.0,45
367,1.03570858033,1.14257272519,0.0,45
368,1.03371260255,1.14395189992,0.0,45
369,1.03369315545,1.15571568823,0.0,45
370,1.03194118182,1.14647816858,0.0,45
371,1.0334321929,1.14960874296,0.0,45
372,1.03412791636,1.1486935138,0.0,45
373,1.03279804994,1.14972037711,0.0,45
374,1.03464019756,1.14245414145,0.0,45
375,1.03368789823,1.15485225496,0.0,45
376,1.03395975033,1.15173082164,0.0,45
377,1.03494651459,1.14774934919,0.0,45
378,1.03261813455,1.15114200716,0.0,45
379,1.0336772911,1.15254672299,0.0,45
380,1.03439437409,1.14929769775,0.0,45
381,1.03418620482,1.14275356002,0.0,45
382,1.03599906191,1.14226578204,0.0,45
383,1.03196658563,1.15103911795,0.0,45
384,1.03475819593,1.14647418975,0.0,45
385,1.03513192042,1.15263676921,0.0,45
386,1.03780774615,1.15191671269,0.0,45
387,1.03316402369,1.15161516681,0.0,45
388,1.03394505164,1.14520687519,0.0,45
389,1.03042599363,1.15455679051,0.0,45
390,1.03528973679,1.14742663982,0.0,45
391,1.03808014259,1.15113402775,0.0,45
392,1.03390653851,1.1491498971,0.0,45
393,1.03336949913,1.15149759477,0.0,45
394,1.03600964341,1.15013917005,0.0,45
395,1.03483127576,1.15391383594,0.0,45
396,1.03262248639,1.1495787513,0.0,45
397,1.03264504466,1.15177131669,0.0,45
398,1.0342067908,1.14995637193,0.0,45
399,1.03164065202,1.14627575858,0.0,45
400,1.03356083668,1.14962354047,0.0,45
401,1.03088913356,1.15471292915,0.0,45
402,1.03374482022,1.15109647666,0.0,45
403,1.03155638815,1.14542529507,0.0,45
404,1.03257013129,1.15065040549,0.0,45
405,1.03789346156,1.15081917399,0.0,45
406,1.03176601167,1.15082321606,0.0,45
407,1.03199052994,1.15104895984,0.0,45
408,1.03217202706,1.14914692746,0.0,45
409,1.02949774596,1.15529595845,0.0,45
410,1.03152042268,1.14799798975,0.0,45
411,1.03382329091,1.14356099471,0.0,45
412,1.03597280541,1.14950295234,0.0,45
413,1.03160588745,1.15524279225,0.0,45
414,1.03705045897,1.14904895951,0.0,45
415,1.03416006161,1.14911048377,0.0,45
416,1.03172726524,1.14558645667,0.0,45
417,1.0351189939,1.15306413123,0.0,45
418,1.03198974179,1.15551627698,0.0,45
419,1.03348611958,1.15384791669,0.0,45
420,1.03136660358,1.15405977166,0.0,45
421,1.03164324286,1.14671174093,0.0,45
422,1.03564731447,1.14823039003,0.0,45
423,1.03434344582,1.14992151691,0.0,45
424,1.03420243262,1.15367660701,0.0,45
425,1.03332330057,1.1489168969,0.0,45
426,1.03455526718,1.15047480655,0.0,45
427,1.03286584843,1.14583894013,0.0,45
428,1.0323569858,1.14878788915,0.0,45
429,1.0343923214,1.14925168985,0.0,45
